     1.000000000000000   0.900000000000000
   2.000000000000000   0.998302774041124
   3.000000000000000   0.981012662715099
   4.000000000000000   0.936068659068918
   5.000000000000000   0.892279373713603
   6.000000000000000   0.857231851681475
   7.000000000000000   0.831819469267810
   8.000000000000000   0.814931320110538
   9.000000000000000   0.805011853486384
  10.000000000000000   0.800574243058621
  11.000000000000000   0.800347589503032
  12.000000000000000   0.803295107073122
  13.000000000000000   0.808589846018783
  14.000000000000000   0.815580016185825
  15.000000000000000   0.823755403851888
  16.000000000000000   0.832718455615228
  17.000000000000000   0.842160597728915
  18.000000000000000   0.851843301923355
  19.000000000000000   0.861583121808429
  20.000000000000000   0.871239929126340
  21.000000000000000   0.880707681396208
  22.000000000000000   0.889907174097322
  23.000000000000000   0.898780342708532
  24.000000000000000   0.907285774120046
