   1.000000000000000   1.600000000000000
   2.000000000000000   1.365685424949238
   3.000000000000000   1.261880215351701
   4.000000000000000   1.200000000000000
   5.000000000000000   1.157770876399966
   6.000000000000000   1.126598632371091
   7.000000000000000   1.102371578407382
   8.000000000000000   1.082842712474619
   9.000000000000000   1.066666666666667
  10.000000000000000   1.052982212813470
  11.000000000000000   1.041209075662211
  12.000000000000000   1.030940107675850
  13.000000000000000   1.021880078490092
  14.000000000000000   1.013808993529939
  15.000000000000000   1.006559111797729
  16.000000000000000   1.000000000000000
  17.000000000000000   0.994028500029067
  18.000000000000000   0.988561808316413
  19.000000000000000   0.983532587096450
  20.000000000000000   0.978885438199983
  21.000000000000000   0.974574312188794
  22.000000000000000   0.970560573084488
  23.000000000000000   0.966811531245660
  24.000000000000000   0.963299316185545
